---------------------------
AS-PATHS que se observaron hacia el destino

(20912, 1267, 16509)
(54728, 6939, 15412, 18101, 16509)
(293, 6453, 16509)
(54728, 6939, 10297)
(53364, 3257, 16509)
(293, 209, 16509)
(6939, 10297)
(20912, 174, 16509)
(18106, 2914, 16509)
(23673, 9498, 16509)
(8492, 16509)
(293, 6939, 10297)
(40191, 3257, 16509)
(47872, 3257, 16509)
(11686, 6461, 16509)
(23673, 9299, 16509)
(2497, 6453, 16509)
(18106, 6939, 10297)
(3356, 16509)
(47872, 16509)
(18106, 16509)
(1299, 16509)
(1221, 16509)
(47872, 6939, 10297)
(11686, 19151, 10297)
(852, 16509)
(2152, 16509)
(3277, 39710, 9002, 16509)
(2914, 38895)
(53767, 3257, 16509)
(1668, 7224, 7224, 16509)
(1403, 174, 16509)
(5413, 16509)
(6762, 16509)
(6939, 16509)
(3257, 16509)
(2914, 16509)
(3549, 3356, 16509)
(3549, 16509)
(3561, 209, 16509)
(7660, 2516, 6453, 16509)
(22652, 16509)
(18106, 6939, 16509)
(293, 11537, 16509)
(57463, 16509)
(3277, 3267, 16509)
(1221, 4637, 16509)
(7660, 2516, 16509)
(31019, 43531, 16509)
(22652, 1299, 16509)
(37100, 16509)
(1403, 6461, 16509)
(8492, 9002, 16509)
(11686, 3356, 16509)
(2152, 11164, 16509)
(3130, 1239, 16509)
(6939, 15412, 18101, 16509)
(23673, 55329, 4788, 6939, 10297)
(24441, 1299, 16509)
(54728, 6939, 16509)
(47872, 3356, 16509)
(701, 16509)
(1221, 4637, 9498, 16509)
(31019, 9498, 16509)
(1239, 16509)
(57866, 6762, 16509)
(2497, 16509)
(286, 16509)
(293, 16509)
(6539, 577, 16509)
(58511, 16509)
(49788, 12552, 16509)
(23673, 1299, 16509)
(11537, 16509)
(3303, 6453, 16509)
(3303, 3257, 16509)
(7018, 16509)
(3741, 3491, 16509)
(3741, 3491, 38895)
---------------------------
Prefijos (incluyendo desagregados) que se observaron

205.251.198.0/23
205.251.192.0/23
205.251.199.0/24
205.251.192.0/24
205.251.193.0/24
205.251.197.0/24
205.251.194.0/23
205.251.196.0/23
205.251.195.0/24
---------------------------
AS orginante del prefijo

10297
16509
38895
